data/Gormley2011/SambarOcc2.asc
ncols          423
nrows          296
xllcorner      2116000
yllcorner      2252000
cellsize        2000
NODATA_value      -9999
[rows 44 to 65 of 296, columns 0 to 48 of 423]
-9999 -9999 -9999 -9999 -9999 -9999 -9999 0.188804859184751 0.199825580144994 0.162099222989329 0.158561897568890 0.197039346271403 0.185473835172506 0.203545907335990 0.197536840633777 0.230246302069240 0.232165467256138 0.241659056665224 0.246902606235648 0.201950788109573 0.244652793544851 0.250820635631271 0.246270557743660 0.241177641807922 0.240006686338113 0.252703413621103 0.253682645146354 0.192205805871592 0.214140231992768 0.215740975094662 0.250111033709288 0.254735749388413 0.255978381286088 0.259411854200638 0.222264235701391 0.26089918541755 0.340010669945030 0.244801182116862 0.203892065399760 0.237759342879291 0.205980695221623 0.196338934177902 0.223630755146399 0.197855575018100 0.201063825772721 0.226858025198885 0.224917532333322 0.226598655067898 0.228487485760646
-9999 -9999 -9999 -9999 -9999 -9999 -9999 0.187083448807550 0.192189481901056 0.194663739593365 0.186333870425677 0.194069478768086 0.199825580144994 0.201550096214106 0.232363942105931 0.236729774237383 0.199013717440051 0.246902606235648 0.231967161540488 0.238136542560077 0.245801130436024 0.201491898211623 0.185336812940884 0.163467345739532 0.171827033361179 0.173112025166054 0.228483577876175 0.202523573240787 0.262879748767578 0.252688946034741 0.250111033709288 0.255833794110906 0.321975337021362 0.325658964802126 0.260326470839791 0.25554138040466 0.200819118397329 0.118455322862261 0.200819118397329 0.211821115984861 0.195787763812508 0.223439723086624 0.221592527904911 0.223439723086624 0.221592527904911 0.231251300246788 0.228682823565148 0.228682823565148 0.201708927923185
-9999 -9999 -9999 -9999 -9999 -9999 -9999 0.190216576085481 0.189891628634703 0.197131587645918 0.191857466580475 0.189012962267753 0.191036252402724 0.191897287579306 0.190544969669488 0.193071694141768 0.198624766934558 0.205627120840275 0.213156709745461 0.213789663253519 0.239593252885444 0.236459144338593 0.23938861789943 0.166374363654549 0.219224805156509 0.214979477063207 0.245427795327917 0.230892679822543 0.302257132697069 0.314213153213086 0.252846408135837 0.310333762780923 0.313277754609088 0.318872882154169 0.320989083705161 0.264296153957156 0.229180046061412 0.177429145590454 0.273528218116638 0.230199437679616 0.218817916904737 0.223439723086624 0.221592527904911 0.223248853847006 0.225109825010556 0.223248853847006 0.198726337940579 0.228487485760646 0.229998603475439
-9999 -9999 -9999 -9999 -9999 -9999 -9999 0.191850049013622 0.188321254932074 0.190426232211891 0.191966759851811 0.196606652141134 0.199447566563652 0.205627120840275 0.234100591668881 0.246053954868539 0.207575906316075 0.199299329082057 0.205788045241053 0.208669570608773 0.21616844670008 0.216232062435995 0.216699441491361 0.216699441491361 0.186928459689808 0.187045020250344 0.215060550048171 0.253682645146354 0.31486875172993 0.302445389357810 0.310213834060091 0.300203257036507 0.25554138040466 0.319339255686781 0.323184597186261 0.315261261428743 0.271499875003402 0.266409627885967 0.269213548223524 0.220642034076767 0.215214702224468 0.223248853847006 0.226986273678261 0.228682823565148 0.232312401587189 0.234248747838005 0.230392024591924 0.177349693740077 0.203216933670337
-9999 -9999 -9999 -9999 -9999 -9999 -9999 0.182899280109738 0.182899280109738 0.195495858263866 0.199440860180654 0.201358431454635 0.24566579412661 0.194737166066404 0.172005252462885 0.200615753185277 0.191036252402724 0.195687691795971 0.203808717960894 0.206576875063550 0.225112344024796 0.240878468424352 0.141920215011213 0.216533177063852 0.246625134163104 0.242565138782101 0.189852624350259 0.221425259103938 0.244938891109143 0.307994580893852 0.309155970666839 0.326636159931188 0.317974115187312 0.264166008100645 0.266587107781835 0.265463394621442 0.257670842378973 0.258556780435444 0.264433932566732 0.222291271240935 0.215214702224468 0.216823459764078 0.221022838443056 0.225626736631297 0.223761501769914 0.224339313878707 0.173423000858183 0.156018063065421 0.231915708826841
-9999 -9999 -9999 -9999 -9999 -9999 -9999 0.186326666012665 0.225484021332432 0.190653516693775 0.203835229758894 0.251086962964117 0.204976440114591 0.206104368304867 0.240201287544128 0.202012183163478 0.192464621529692 0.197536840633777 0.202357967311411 0.199137798813538 0.254027945308132 0.184226275229264 0.126826988581838 0.261424159846932 0.253649493863038 0.255315372724500 0.220589442374204 0.221532062888456 0.268783428145812 0.262175030325576 0.317371728897216 0.317157427124410 0.327385437875107 0.337867259775366 0.322012783602600 0.32412618904056 0.264296153957156 0.262271558313737 0.260326470839791 0.223952808320149 0.218630987106252 0.222101380861216 0.195117420642111 0.224339313878707 0.225241434426108 0.227118977653581 0.237158833129431 0.205440500461634 0.239540112687279
-9999 -9999 -9999 -9999 -9999 -9999 -9999 0.184424524577341 0.185803550153373 0.184424524577341 0.227808680980800 0.223619963640642 0.236826829346214 0.210249784663549 0.203756442704300 0.192464621529692 0.192464621529692 0.198794625465947 0.193284491076471 0.196336238806292 0.243395575181266 0.212001629668268 0.204159721702042 0.294755520175435 0.261832106259861 0.253058680664039 0.166246647225518 0.213456593564908 0.283535355942327 0.310294723278268 0.302445389357810 0.339917084015582 0.393460175075662 0.392346464468752 0.319525779475657 0.260939153068140 0.267252034510862 0.263566120804323 0.257670842378973 0.271526275379962 0.218444216646876 0.220265225443294 0.227738313571496 0.231155322111238 0.225241434426108 0.230921037465833 0.232113970658571 0.239744876863361 0.197591290639977
-9999 -9999 -9999 -9999 -9999 -9999 -9999 0.241846729852928 0.233810176570992 0.227864753300647 0.238192765601128 0.228867283832825 0.228867283832825 0.228671788825962 0.256434303779247 0.202123485203874 0.208876399241417 0.18040296218509 0.169358081937302 0.24360362704399 0.231620484048810 0.244028672426088 0.293742873555635 0.263226170847566 0.297983240783891 0.313014701535136 0.225593538365224 0.212857472320347 0.277616513403914 0.163968400298941 0.274852735938558 0.311464759358530 0.328153847601059 0.410146233046942 0.276704373607933 0.250043503120656 0.269486532383549 0.25554138040466 0.259596139374513 0.257450807291082 0.225081482339972 0.220077061978098 0.174826215133725 0.177352997424724 0.226016124569561 0.227705439877946 0.229320883649279 0.194520073062742 0.174543721986561
-9999 -9999 -9999 -9999 -9999 -9999 -9999 0.222280544229193 0.173906293772358 0.209591657639693 0.231693848142459 0.209345813346616 0.240693492471141 0.190630704495180 0.104697178186047 0.153616491888723 0.176344844589275 0.174855917854816 0.130985673851396 0.201703250549041 0.22882455247602 0.293789706016193 0.296279889662304 0.290322713304663 0.292991270373343 0.290570761128861 0.293747325971477 0.307914289436535 0.264876956941904 0.182194465587374 0.314396692325523 0.316433058561676 0.312794596321277 0.298467530757325 0.254445638504426 0.270213400398942 0.258556780435444 0.257670842378973 0.257450807291082 0.263715066431812 0.174975757468671 0.150528407531718 0.150657197446398 0.172243057046219 0.227563598794389 0.225049029579429 0.231034842565412 0.188966483759629 0.192534449446181
-9999 -9999 -9999 -9999 -9999 -9999 -9999 0.235579097165225 0.235032668943679 0.164521688617739 0.164300039811550 0.177577647410326 0.189170076313691 0.192906716073057 0.146873664743455 0.146284956879929 0.149535887173997 0.137481679734294 0.165137562793653 0.203631703866294 0.259336313543993 0.291574911989708 0.290570761128861 0.296919724346077 0.294641593885114 0.292991270373343 0.295179697902752 0.30011769336738 0.305138042648538 0.312558985276339 0.313891970284753 0.309336564929568 0.361753115476966 0.271055888403978 0.259818003233912 0.257450807291082 0.264296153957156 0.260488679804946 0.268128112590359 0.266205324662056 0.229403873186949 0.149410800573196 0.0880375856665249 0.200942562498914 0.225049029579429 0.227705439877946 0.230329805889887 0.205557515490149 0.150527787244472
-9999 -9999 -9999 -9999 -9999 -9999 -9999 0.170274505517568 0.192079029630984 0.186442852021447 0.205778946374454 0.147463210027762 0.130841375004865 0.200716479901641 0.204284561531582 0.137417138485984 0.111549164801133 0.140932387814540 0.193283660644662 0.193926231552619 0.252082919411963 0.257783516159936 0.282213234913412 0.217452038929576 0.234658950382118 0.293564467464642 0.304926199662561 0.299349827833966 0.309448421739363 0.275248350971805 0.26615992423458 0.324742694235653 0.209963228619867 0.175190463380405 0.25554138040466 0.229825003975917 0.261312457457886 0.234425012580638 0.229180046061412 0.271917115457942 0.230243902094778 0.220959792691208 0.221068699456096 0.220394008742634 0.222231235321427 0.230526715085754 0.232249665483459 0.205483134884470 0.187483749544784
-9999 -9999 -9999 -9999 -9999 -9999 -9999 0.197246872051855 0.185803550153373 0.127212349168570 0.115096124178986 0.103843611436732 0.0839766179702727 0.0821831885526752 0.105984700563006 0.103463264740345 0.0842976898507654 0.09322518270701 0.216580005858599 0.257453993783014 0.289227582339909 0.289618619179792 0.219077484130029 0.205126301646038 0.255216678373294 0.295757163651655 0.300265498105829 0.307203497602203 0.359268075782953 0.229001568857528 0.270284802552261 0.271405241478138 0.261233943984873 0.25554138040466 0.257450807291082 0.227285503243330 0.179810926236137 0.225019329160372 0.20918602639095 0.263456721393011 0.274643547979957 0.218758817004151 0.220394008742634 0.220205735505987 0.224330643325744 0.223892324663439 0.230240723353123 0.228820933056684 0.225180603531433
-9999 -9999 -9999 -9999 -9999 -9999 -9999 0.237460079310583 0.198622719904566 0.168861249814412 0.0849683688103433 0.086096300808444 0.103789900877412 0.104762438503738 0.134784624218885 0.234695969034847 0.233270046999576 0.201352582836404 0.253608768591651 0.292533416786634 0.290819020263664 0.251444883936808 0.251444883936808 0.232385748697486 0.302665732068513 0.296157002290764 0.298151780712832 0.301843246974797 0.298213597722277 0.355082318834540 0.324686354884453 0.320812537122673 0.252342763059668 0.248188877041334 0.252127266323514 0.136211534371896 0.229968251351314 0.226559994080921 0.230863885668102 0.233467066880459 0.268514074458081 0.198765624349605 0.22266630929181 0.221851718712065 0.209366132649459 0.180114588020001 0.231444595893498 0.227057640845238 0.228559323845191
-9999 -9999 -9999 -9999 -9999 -9999 -9999 -9999 0.233167583800411 0.150797169166825 0.0973745262751064 0.158626999901600 0.225615849025431 0.22730217936482 0.232211348899005 0.237728610626426 0.277643954694722 0.214973050773932 0.247161271780915 0.249793214433469 0.280120669131739 0.281083577892866 0.293747325971477 0.295757163651655 0.302605699332730 0.355385499188914 0.295604484247341 0.288338561634229 0.295352152077613 0.319109773252365 0.264514120713601 0.258745231646252 0.252994192497859 0.219106402004106 0.147394587124842 0.0773636115372273 0.121817737548719 0.132774820191017 0.152747249317303 0.258017347079948 0.286879248214103 0.172914264465927 0.173657742125593 0.229574606941241 0.178985157440977 0.203489847986979 0.227838563342413 0.22895028867026 0.235472422996984
-9999 -9999 -9999 -9999 -9999 -9999 -9999 -9999 0.205050763989153 0.157426642492439 0.125601208694802 0.155473804291016 0.203529177746032 0.233091098338205 0.234890966995458 0.279957083547463 0.250941566296186 0.212647552561396 0.21570416257898 0.243650575587588 0.285121081151084 0.287250893558076 0.261828297508606 0.291629943092049 0.349839807253617 0.35245135023494 0.355385499188914 0.300897885721839 0.316236015408735 0.307408070271437 0.271032091067227 0.221554719138536 0.221692823191236 0.222584325325214 0.169481374661231 0.172320225096010 0.117052730546126 0.110468060383639 0.127465850681948 0.172803317127981 0.210659274431681 0.232075739482351 0.172046732560606 0.103172471705205 0.202668898147719 0.229146021224063 0.226863688093483 0.22895028867026 0.227057640845238
-9999 -9999 -9999 -9999 -9999 -9999 -9999 -9999 0.176734565204958 0.177622272675335 0.172185587834002 0.153550318777792 0.183122379648576 0.207471646995538 0.282048430763598 0.284954583757902 0.202162455682120 0.247161271780915 0.285294370678173 0.282454373735467 0.245261728923722 0.222281013930866 0.304542038140971 0.230571456042153 0.267297854572204 0.361327014153345 0.276283602485743 0.271802379621484 0.297130575587572 0.298151780712832 0.244872753583418 0.254725907034351 0.224439769532594 0.25401124762539 0.224248047941821 0.176570440439729 0.125977358296552 0.146570739930354 0.088990796623281 0.146806949789941 0.268350949954653 0.209274951848528 0.120737353445320 0.0903134798207576 0.156735900252283 0.155597115022781 0.228559323845191 0.230661484139537 0.228559323845191
-9999 -9999 -9999 -9999 -9999 -9999 -9999 -9999 0.152892794807967 0.149490999685393 0.206925136135586 0.156910127185543 0.242523760305172 0.237518763977536 0.228805475951554 0.230515591577977 0.279718070748067 0.221852013971658 0.216769369731022 0.255653125405537 0.251015603069034 0.255216678373294 0.304320385370130 0.267886815449663 0.238269132191148 0.291782331428689 0.297966188614640 0.294927727264068 0.297130575587572 0.298151780712832 0.217639283618652 0.129141472914166 0.117028315245264 0.131081068132889 0.172172948386858 0.177988877823331 0.114944166509171 0.152412402971702 0.0889611604849891 0.190728215497836 0.236186104973503 0.141386016599174 0.164212896496246 0.118146599823771 0.116786626996932 0.122059587401267 0.231113024230076 0.228559323845191 0.230267603951591
-9999 -9999 -9999 -9999 -9999 -9999 -9999 -9999 0.130005962251755 0.174920032558367 0.230712659234942 0.169348951687505 0.180348825793452 0.276217671245089 0.276758144184236 0.269657229543496 0.280599584766559 0.25000672122261 0.252711761180322 0.284321388072613 0.291629943092049 0.340073529678559 0.3426124183682 0.265089043799194 0.233348274092366 0.301869224501627 0.294927727264068 0.297130575587572 0.294675971076317 0.214574036944233 0.244872753583418 0.222584325325214 0.131193241048987 0.152114390811655 0.156805349928492 0.116870576106758 0.0882292752273076 0.124292103711401 0.285276263000321 0.293836007253410 0.251728830280273 0.201054060068106 0.243152238960796 0.267369676968847 0.228666248171826 0.197935963304703 0.198933779443505 0.226139522338896 0.178119207949785
-9999 -9999 -9999 -9999 -9999 -9999 -9999 -9999 0.115614774462618 0.134961892167844 0.113903771637759 0.102313573046690 0.156502798450559 0.283412826439117 0.283179023648515 0.275981842125958 0.289572449693231 0.24101560391315 0.340171849763285 0.259234777743758 0.298868712501053 0.340363938833791 0.348810194823905 0.35416529528746 0.304865719941625 0.260382745926832 0.304926199662561 0.26802675166901 0.301843246974797 0.244872753583418 0.214574036944233 0.164600926075517 0.145923808827725 0.129691946147492 0.0706417963356994 0.0906397501575806 0.0891957901997766 0.116670779346692 0.237055577115165 0.250673645304413 0.182676009499282 0.204246021209715 0.235472167421374 0.27754746768226 0.224601710295256 0.224601710295256 0.228725922391508 0.229084138239834 0.19742901692958
-9999 -9999 -9999 -9999 -9999 -9999 -9999 -9999 0.199850657837033 0.177116693005020 0.135404899105336 0.177139006584892 0.149490999685393 0.230712659234942 0.233236376675008 0.227629507735674 0.291574911989708 0.287180103240901 0.361129851799349 0.34526998450158 0.33726537217266 0.339783367464688 0.342320097329672 0.311251160402482 0.290988934215384 0.286445244050292 0.301843246974797 0.294675971076317 0.307043503273465 0.309807024277704 0.187856522980384 0.249400852229561 0.151945328261793 0.0784817250309554 0.0689306191840333 0.120100940970541 0.0829652689031284 0.0957352431600965 0.183242500314344 0.272541215388253 0.248734058636893 0.237063585650863 0.239243938600323 0.268675065046957 0.280821857218350 0.228954707175554 0.204077615370820 0.276553916808886 0.225312254233874
-9999 -9999 -9999 -9999 -9999 -9999 -9999 -9999 0.197641708965595 0.200779604156184 0.202339239321479 0.197810728478658 0.175112858461394 0.22407292949448 0.229526911413445 0.223881520563729 0.275981842125958 0.294416919738402 0.341113342002187 0.355294423782707 0.3426124183682 0.345170196003250 0.356097251379566 0.303570949406003 0.301473206365420 0.295604484247341 0.288338561634229 0.291739837960708 0.307043503273465 0.316703343856995 0.208922230435543 0.221440260357833 0.167072201229833 0.131872844074354 0.103273710488540 0.101808657231435 0.0427782564749983 0.0969229932620662 0.126158957528874 0.192125341323759 0.204126654394734 0.285863575063567 0.277773853257814 0.245144425309445 0.283687970439137 0.267754550023729 0.212929247736053 0.217465798195138 0.207750517999042
-9999 -9999 -9999 -9999 -9999 -9999 -9999 -9999 0.179114918203673 0.193387106295848 0.195670521806019 0.208996359568395 0.227435067608455 0.229330854257695 0.275981842125958 0.284807465064577 0.274866441253939 0.284891222754352 0.343575498097352 0.341241819875933 0.360086483983980 0.347747002130763 0.348810194823905 0.291739837960708 0.310827949261380 0.30279427538453 0.295929954200601 0.295929954200601 0.241752839253700 0.230786993629732 0.232511884808657 0.0613334384348364 0.170203506087095 0.178017288166794 0.151984357105438 0.0796610607694298 0.0648577446490931 0.124185824072139 0.096038501013894 0.0861908094117632 0.147498780409531 0.0605672757401117 0.14012611293949 0.157390184998279 0.214812166435457 0.312141282834928 0.250129891639833 0.175587463901686 0.177051841395580
