data/Gormley2011/SambarOcc2.asc
ncols          423
nrows          296
xllcorner      2116000
yllcorner      2252000
cellsize        2000
NODATA_value      -9999
[rows 220 to 241 of 296, columns 147 to 195 of 423]
3.46751098610663 2.41940959046897 1.78498714144727 1.89055498900537 1.58161753654459 1.86941998578169 1.55158537232891 1.25158893795735 1.22532411435921 1.20785248026740 1.45324751669211 1.78301523863828 0.525675213825121 0.312455816272659 0.212587129100541 0.168086678111026 0.132764111092154 0.125629531107137 0.099572066954487 0.0985089438187364 0.105481968632444 0.089993037156822 0.0956106541788555 0.104180922221762 0.0883514954359982 0.0774690276684305 0.0625001766167372 0.0616684194442409 0.0569353844187336 0.057373213314699 0.0693624629466357 0.0420998480140524 0.0501896687458753 0.0532096252917762 0.0550495678100101 0.0345973521556927 0.0649776654263714 -9999 -9999 -9999 -9999 -9999 -9999 -9999 0.196224650558501 0.265128715317823 0.304831169170387 0.253121779751975 0.399828429395587
2.17611731857476 2.03826187488779 1.48747958684968 1.49226701140511 1.23682601597895 1.02926307590145 1.04268260088614 0.797096351535686 0.88912491074994 1.29054374769159 1.44374900959229 0.87835692939863 0.633690546349674 0.237976575661198 0.138662792183887 0.138138004576738 0.131889780977964 0.111038410874960 0.102366807023903 0.104279128105969 0.0766122580537134 0.0744906933063833 0.0795812017343763 0.0849021481982984 0.0739748167464244 0.0793839907732754 0.0595714587706135 0.0514892331879157 0.0469830936487532 0.0496939638574478 0.044969190602019 0.0489410032712716 0.0590020155637601 0.0346390051522246 0.0377629719744794 0.0403873814250611 -9999 -9999 -9999 -9999 -9999 -9999 -9999 -9999 0.185437900401114 0.218887995440719 0.218449125075990 0.305778875389514 0.364249829868204
1.28237690560602 1.44492430842878 1.11664492905872 1.08016306807462 0.917520382223444 0.720142175961029 0.646655644396792 0.521896957373143 0.633042334787183 0.853186678105456 0.668970014481145 0.332944204705621 0.357585684248255 0.276856420382197 0.126952367240132 0.123984167825708 0.0961557342216645 0.118805572715699 0.165406694691412 0.124169111529169 0.075044981449969 0.0633595773521019 0.0690753463987197 0.0735285300333661 0.0620046807049994 0.0688389226979174 0.0564266839995744 0.0451782969028719 0.0347978256225335 0.0422484555505099 0.0393649922890413 0.0357175489449069 0.0497046253927674 0.0408510649027946 0.047907755937797 0.0506814301451103 -9999 -9999 -9999 -9999 -9999 -9999 -9999 -9999 0.143365543333411 0.161797582617677 0.222866922336606 0.251435139220096 0.353151689196994
0.860149331490957 0.81288299075011 0.838468133102021 0.813491574163506 0.642527578541597 0.653658326164964 0.443021998836693 0.358537988120490 0.507718854814635 0.547915723223402 0.362921287816407 0.196531035781212 0.200393215049369 0.155440439625804 0.107804194078598 0.100677256517016 0.0677294144168463 0.0860348919511816 0.189793235708499 0.178021345248047 0.0695849488127485 0.0558376550915644 0.056203535038466 0.0601532276008803 0.0541553846811892 0.0483554357921105 0.0478968793413016 0.0434804417967717 0.0402024863471871 0.0406664993749821 0.0488179551351046 0.0539113903704241 0.0316044337687319 0.0342462718019763 0.0428413019049638 -9999 -9999 -9999 -9999 -9999 -9999 -9999 -9999 -9999 0.142340910531636 0.156040887461474 0.217416369108553 0.245949257304863 0.247029002995474
0.646071521256496 0.656834509813375 0.651597075712135 0.611454298923315 0.512225859649039 0.493928819406467 0.463034131818533 0.312564551428784 0.451260532683737 0.381400726017363 0.24044207634928 0.188963932645952 0.132146122464268 0.151255922053880 0.0927363790639516 0.0683154593389175 0.0576208936661858 0.0601158954047825 0.208114729663627 0.201513712845189 0.0597919501748592 0.0487137496143258 0.0422952743928937 0.0505670312608777 0.0537802474785461 0.0461432480046677 0.0419450190860256 0.0315582923542142 0.0298133806495781 0.030871642425556 0.0511388482442 0.0410353740716652 0.0321700331787242 -9999 -9999 -9999 -9999 -9999 -9999 -9999 -9999 -9999 -9999 -9999 -9999 0.156630188615102 0.171391381411841 0.183786457199788 0.1524470302501
0.489283861910478 0.498560734276937 0.498332767008899 0.494060056121807 0.391954414279305 0.333018342695325 0.377585940822115 0.325599541978509 0.244397664357256 0.325805386978669 0.153308876359374 0.125780270266811 0.120512650092174 0.118816485515266 0.0797536252220874 0.0596106573972527 0.0490613783509248 0.0463317900986626 0.0925515102550255 0.067734023180091 0.0464718784244107 0.0413339956310446 0.0271446949928851 0.038626778109253 0.0458382037371965 0.0302635114035608 0.0306566042943143 0.0368391618224749 0.0324538602415937 0.0274849027524889 0.0397251684530975 0.0294759250720897 -9999 -9999 -9999 -9999 -9999 -9999 -9999 -9999 -9999 -9999 -9999 -9999 -9999 0.139693677657292 0.168808126971690 0.175966005212771 0.160471192927778
0.381169432834070 0.374113817945768 0.385111695284631 0.383395949165605 0.336517858382723 0.297130980945110 0.291196193095410 0.211413993289633 0.235760402372545 0.205027016163120 0.115592438164536 0.105725131136566 0.101942175028455 0.0910890694344529 0.0825125571257852 0.0521154267028338 0.0472835097891898 0.0419910626933469 0.0423067211010898 0.0388904856155625 0.0348465028625961 0.0406013048044876 0.0369896797685489 0.0247824164413037 0.0289440457629083 0.0148999097075215 0.0139460978723063 0.0084613315808273 0.00616582855451914 0.0155650312080599 0.0280198375537404 -9999 -9999 -9999 -9999 -9999 -9999 -9999 -9999 -9999 -9999 -9999 -9999 -9999 -9999 -9999 0.125883931685537 0.137405028836574 0.138649957308456
0.368308673155602 0.308500894536348 0.307164106041944 0.306968477734783 0.249743405781250 0.246569634782109 0.188693229843879 0.147571015552663 0.207495947732404 0.134442978162071 0.0826726437276102 0.0890144791537485 0.069012328146866 0.079063026868491 0.0904213027143584 0.0457182718819612 0.041711489298872 0.0402759378525055 0.0349613569164232 0.0361220060094481 0.0306803607107758 0.0347166479199492 0.0325503812768496 0.0199096618293403 0.0111460859675685 0.00908906672624772 0.0068106901538212 0.0106973936520777 -9999 0.0305321869916754 -9999 -9999 -9999 -9999 -9999 -9999 -9999 -9999 -9999 -9999 -9999 -9999 -9999 -9999 -9999 -9999 -9999 -9999 0.118808960119552
0.301454030943193 0.291484367381088 0.254138905687943 0.237618025722502 0.192124129528433 0.191712398544002 0.184954079307659 0.218098287820285 0.104053087369223 0.132529952230819 0.096251178967945 0.0890455222092301 0.083830888630957 0.0858008303238831 0.0727749809434266 0.0579505910714002 0.0249931316959930 0.0200973841850815 0.0237032379120617 0.0275725897584150 0.0276158593761108 0.0253691855349808 0.0186860082873538 0.021851061190266 0.00696586497410781 0.0114955404748614 -9999 -9999 -9999 -9999 -9999 -9999 -9999 -9999 -9999 -9999 -9999 -9999 -9999 -9999 -9999 -9999 -9999 -9999 -9999 -9999 -9999 -9999 -9999
0.298064745409726 0.217197600969984 0.153291026773611 0.197146442881633 0.157037859076692 0.152912953467911 0.153224547550239 0.117374878828559 0.114057114434969 0.0402351756015714 0.0755227864247122 0.0760682654983356 0.0752097409743779 0.074536213692937 0.0757859190338363 0.0512053335375159 0.0213336343686836 0.0220554012465638 0.0250726313155422 0.0241922611000902 0.0269312783496245 0.0245104315358587 0.00825819117444357 0.0097924134509324 0.0178157865220144 0.0307007977886527 -9999 -9999 -9999 -9999 -9999 -9999 -9999 -9999 -9999 -9999 -9999 -9999 -9999 -9999 -9999 -9999 -9999 -9999 -9999 -9999 -9999 -9999 -9999
0.267859440126348 0.134635981372995 0.170419912370794 0.161564620855579 0.150210374213238 0.0986819070623168 0.0861217682540098 0.0859753401859985 0.0830779232783775 0.0743193442478276 0.0663993660388016 0.0558965898241404 0.0664029019888606 0.0661509248194253 0.0689652291421595 0.039366698774893 0.030176681907325 0.0257198475952197 0.025044387656979 0.0327721404833763 0.0290175845878248 0.0248752476923717 0.0143992237643673 0.0213277212821312 -9999 -9999 -9999 -9999 -9999 -9999 -9999 -9999 -9999 -9999 -9999 -9999 -9999 -9999 -9999 -9999 -9999 -9999 -9999 -9999 -9999 -9999 -9999 -9999 -9999
0.186705837556571 0.203026187601200 0.164733976458665 0.128751059105328 0.139692873598366 0.092039614976859 0.094338109615907 0.105266721203962 0.0849675983800941 0.0832382903353871 0.0704252317152553 0.076989359796566 0.0603683241022963 0.0469548380079842 0.0486300147685893 0.0305516540982785 0.0264814109490475 0.0243155724833645 0.0211144256802683 0.0284527063974748 0.0173886161951153 0.0262090311788697 0.0191806164692423 0.0249294111451683 -9999 -9999 -9999 -9999 -9999 -9999 -9999 -9999 -9999 -9999 -9999 -9999 -9999 -9999 -9999 -9999 -9999 -9999 -9999 -9999 -9999 -9999 -9999 -9999 -9999
0.140255082262942 0.148790885879909 0.138509050169288 0.105406778493090 0.104123731345471 0.104829954904210 0.0910512294348511 0.0886833869507929 0.0856119168603752 0.0715272754242639 0.0728247701834262 0.072823639093639 0.042955828133968 0.0614116443989382 0.0405589272044339 0.0322219637454117 0.0190960741754035 0.0293567171146336 -9999 -9999 -9999 -9999 -9999 -9999 -9999 -9999 -9999 -9999 -9999 -9999 -9999 -9999 -9999 -9999 -9999 -9999 -9999 -9999 -9999 -9999 -9999 -9999 -9999 -9999 -9999 -9999 -9999 -9999 -9999
0.133439206051206 0.106785615766153 0.0846953193600618 0.0878242978314364 0.0888086911542234 0.0964311339356648 0.0743213775337404 0.0811654977162673 0.0736932331015199 0.0754677700627753 0.0632856078619173 0.0645188241676212 0.0616650374936829 0.0484738198171473 0.0489313013913081 0.0205662720250115 0.0205698660351252 -9999 -9999 -9999 -9999 -9999 -9999 -9999 -9999 -9999 -9999 -9999 -9999 -9999 -9999 -9999 -9999 -9999 -9999 -9999 -9999 -9999 -9999 -9999 -9999 -9999 -9999 -9999 -9999 -9999 -9999 -9999 -9999
0.113415129098309 0.110614389460543 0.0820090487400748 0.09720598037099 0.09423838910247 0.0884138733144679 0.081901835595439 0.0919043749124381 0.0654476408168859 0.0660397582918863 0.0552862609451491 0.0549367309931396 0.0430158373982667 0.0451401590407352 0.0400437534947063 0.0232471121380040 0.0272485604447187 -9999 -9999 -9999 -9999 -9999 -9999 -9999 -9999 -9999 -9999 -9999 0.0299864356351613 0.0256160140465507 0.0189776194000685 0.0243072978453318 -9999 -9999 -9999 -9999 -9999 -9999 -9999 -9999 -9999 -9999 -9999 -9999 -9999 -9999 -9999 -9999 -9999
0.114032606426202 0.119420216292225 0.122552621916572 0.100594868996051 0.101497688362883 0.0818654061715807 0.0824052665723602 0.0732974725059714 0.0923295709027386 0.0737805690741718 0.0736810612636794 0.0517930103571341 0.0374190982255814 0.0286434263576178 0.0325162529197499 0.0382538735300040 0.0253831756508196 -9999 -9999 -9999 -9999 -9999 -9999 -9999 -9999 -9999 0.0370427516980219 0.0418792767878064 0.0422714662301351 0.0277673623169423 0.0222815868737717 0.0171877325851556 0.0219676331809014 -9999 -9999 -9999 -9999 -9999 -9999 -9999 -9999 -9999 -9999 -9999 -9999 -9999 -9999 -9999 -9999
0.119730752936008 0.128158154319025 0.132349832890408 0.16713079534177 0.11055720523384 0.136108385045979 0.194545035394439 0.165468059099973 0.294230710809158 0.17019494452556 0.101080626969717 0.0837876482427027 0.101858978525313 0.0654304346431123 0.0334217350718236 0.0234218181603046 0.0242949825129934 0.0206892357125339 0.0170272065586351 0.0245533433994539 0.0196168717689552 -9999 -9999 -9999 0.0215945323945604 0.0298021933629109 0.06918927443858 0.0599624169565125 0.0352195338517286 0.0214783381577841 0.0224067219563117 0.0161295207383225 0.023145549661329 -9999 -9999 -9999 -9999 -9999 -9999 -9999 -9999 -9999 -9999 -9999 -9999 -9999 -9999 -9999 -9999
0.102261822116627 0.111421171703988 0.112501607257925 0.166144012196081 0.173881020807503 0.175286476472627 0.167782154944094 0.130150609832823 0.154181793439574 0.117656973941296 0.102684769003739 0.0891349006861369 0.097514968505458 0.0662102321466507 0.0380079212126137 0.0243908821634601 0.0129581104211589 0.0203071071438458 0.0204178608970636 0.0210971253240502 0.0246814747856167 0.0288676259400133 0.0259310959114907 0.0322411632200546 0.0311128087262763 0.0288167132361145 0.0581807686003665 0.0436558086983674 0.0297586214637578 0.0232747909786241 0.0204749860706588 0.0163941731957047 0.0199386152392890 -9999 -9999 -9999 -9999 -9999 -9999 -9999 -9999 -9999 -9999 -9999 -9999 -9999 -9999 -9999 0.175521804857476
0.106613448124895 0.108985364940470 0.129808993285056 0.127236144951836 0.134999654218172 0.144968310097201 0.148825195461720 0.193472109880087 0.116172783655950 0.093935076251468 0.0811287629785536 0.0775584773034308 0.083721185430475 0.0369305676148051 0.0248426507169803 0.0245831503719363 0.018771445358305 0.0189120426339098 0.00521560432044224 0.0121646505723012 0.0259160867026758 0.0254527932872378 0.0285482094325674 0.0363165881100680 0.0401811240800909 0.034623135972811 0.0353462352142328 0.0270943113332848 0.0210479824254485 0.0213814142504284 0.0151524119128319 -9999 -9999 -9999 -9999 -9999 -9999 -9999 -9999 -9999 -9999 -9999 -9999 -9999 -9999 -9999 -9999 -9999 0.199357135285006
0.0917736675993474 0.093931507757248 0.111549864557713 0.126625122377808 0.132878869078098 0.117736773785004 0.115994403598024 0.135559843397335 0.114311309790160 0.105268448855039 0.084838383777287 0.0602479575419273 0.0497147160904611 0.0345926883977623 0.0304727287361425 0.0254610385364962 0.0224299084649402 0.018250089633263 0.0122380522289162 0.0150406617981475 0.0161904553747514 0.0190463011527343 0.0194452248284139 0.0306212608934477 0.0276044880723248 0.0259127289158849 0.0245944237486880 0.0214683961639023 0.0174240275947116 0.0149130267510920 -9999 -9999 -9999 -9999 -9999 -9999 -9999 -9999 -9999 -9999 -9999 -9999 -9999 -9999 -9999 -9999 0.0495405379668236 0.0702226157643103 0.0944489228779113
0.0942091831168662 0.117299066968428 0.117038020092575 0.114947225858997 0.0977675789418867 0.0734397763586102 0.0826707266018738 0.0834245444832374 0.0683173581850385 0.0720362221775745 0.073981002428002 0.0610205541000519 0.046364001837506 0.0455567089646679 0.0417680762034729 0.0291891893212357 0.0236123784311111 0.0173446688873660 0.0100077512781807 0.0114989424850118 0.00854342682371288 0.0248327824141236 0.0237226476921156 0.0246758067975219 0.0289286720044258 0.0235416661388317 0.0269077859813196 0.0174241805950367 0.0131970650987507 -9999 -9999 -9999 -9999 -9999 -9999 -9999 -9999 -9999 -9999 -9999 -9999 -9999 -9999 -9999 -9999 -9999 0.0566030991585212 0.0639126161032375 0.0745745902268999
0.118499572955554 0.156880314951042 0.155082391443399 0.102967286697266 0.0910953465764573 0.0666416332686851 0.081602744267083 0.0637195992120858 0.0551192371222323 0.0580719833132313 0.0498221784975986 0.0402226591276395 0.0396275431372078 0.0420290196894785 0.035766265320304 0.0246657101525153 0.0248580124251251 0.0203109872656764 0.0178688303744534 0.0180461439346559 0.0126213210650765 0.0111535780301465 0.0189024931624306 0.0188978048196198 0.0226775199946661 0.0218724458766953 0.0249652428052667 0.0141561716189138 0.0165565931450778 -9999 0.00883202383115723 -9999 -9999 -9999 -9999 -9999 -9999 -9999 -9999 -9999 -9999 -9999 -9999 -9999 -9999 -9999 0.0460960253364684 0.0718275143064207 0.0840302385994453
