data/Gormley2011/SambarOcc2.asc
ncols          423
nrows          296
xllcorner      2116000
yllcorner      2252000
cellsize        2000
NODATA_value      -9999
[rows 242 to 263 of 296, columns 98 to 146 of 423]
0.659595486848017 0.590502551001078 0.633756976240196 0.627221523158565 0.572705266176334 0.644073599632675 1.21822616060957 1.29218980103234 1.00216851869371 0.973762764676695 1.50074447660233 1.86921622154374 1.93850292227137 1.34141729400732 1.14849938549484 1.05576061121481 0.977101928943878 0.82256162165286 1.11107843379070 1.03174532041324 0.916128168947314 0.87515662931466 0.822518243199116 0.689894546148938 0.805939992568882 0.681000636301908 0.728589406889487 1.20046065351436 1.05073251356561 0.785469573157345 0.780078964929615 0.745197823007563 0.824062273689472 0.658968428848476 0.664811284939428 0.502623561570104 0.573859474677524 0.598953883770689 0.526852451211584 0.563568103631105 0.553383919207184 0.426944951049498 0.346128950267204 0.284276168634658 0.229151493032534 0.179855989010613 0.177195956043790 0.146102333229314 0.112855389210234
0.589912702635105 0.605095549793616 0.576881972092682 0.550071835784579 0.645025979275782 0.787377694183315 1.50844182004751 1.39117122618157 1.29995701556169 1.25434955448771 1.24545974125267 1.75121227319833 1.7486650186594 1.20632901617095 0.89262461137688 0.798184569952123 0.998319336082008 0.890758973057538 0.986944316918641 1.22258264491773 0.99962388289645 0.771998367613921 0.69378777941741 0.668544546895596 0.82933311860588 0.842539842283093 0.830847641394817 0.798808048346355 0.702956514772537 0.984696727590917 0.754683064919896 0.747279897922299 0.837467466054696 0.749788243581405 0.771855787689045 0.774875249948852 0.631934905737084 0.637034016927666 0.46616463409885 0.452906561911170 0.477134018028968 0.375633238734233 0.388767214532684 0.315447047252356 0.260819475316670 0.193569608583745 0.156008936292335 0.128463697446293 0.131355220513243
0.512816389556243 0.631948807395458 0.603892635641659 0.601309719968596 0.721137614789296 0.761481270138764 1.13856648989348 1.63187174920792 1.48340898056846 1.59606974756713 1.22186824587677 1.12951513226182 1.06744134012391 1.12913421377675 1.09885672703170 0.787633988341459 1.15249891771813 1.60688840022331 1.34995718243219 1.26370303653792 1.25022394461356 1.10927656001384 0.934063343312613 0.72533174507529 0.905285561290375 0.91808840858611 0.844785858471971 1.10216809451984 0.970481077101798 0.966025426635899 0.665742021024262 0.954874844986934 0.966321573186952 1.09787634964804 0.909559071222935 0.930346021769167 0.722140914172275 0.526006133649785 0.59986848254002 0.49845958173823 0.35924026663848 0.334790301782011 0.340377242668243 0.276319094450848 0.222265733269899 0.178340133418107 0.172009051636316 0.150425732116497 0.149830046207172
0.554220896158133 1.11466919996167 1.33954011020710 0.760848331826929 0.678482168090493 0.823275094926188 0.875649609091577 1.19300922650108 1.44877652462773 0.895494759985069 0.96317903977213 0.884295219296153 0.847291056954105 1.04403507388718 1.19293852905709 1.16864450035885 1.51319368601723 2.0078331329291 2.07718282972273 1.57807269985045 1.30466513305363 1.23940812251069 1.13251417545000 0.813042996616472 0.692420420655881 1.03681127854530 1.14760879949246 1.60717896917823 1.89636142151954 1.18321001389627 1.24170795244984 1.27412777244373 1.13445086753584 1.65764771265911 1.51311353245696 1.77832808175712 1.44374128501080 0.98257839297549 0.690798359389436 0.56755687891902 0.413045324914645 0.360942783388882 0.298405495576179 0.303817801903353 0.238509848310638 0.202482395187346 0.202278051919706 0.177252465116254 0.182032692130201
0.672096172463603 1.33348065951221 1.30217871859624 0.796251559370748 0.762716194513335 0.781628510930865 0.903168459644661 0.868159564459697 0.854467674199971 0.818881224105194 0.811650556524207 0.745043990154975 0.879182223369957 0.90988391490562 1.19588905990666 1.26630123921585 1.37194061914782 1.65627427037175 1.59344270868287 1.39379414970309 1.19672468886575 1.33191573337429 1.25492935478576 1.07790467235145 1.03765782009476 1.02888918455527 1.35013133408398 1.98231586904447 2.11878370272003 1.66496342456006 1.30290172981741 1.32463875333320 1.54033618995599 1.84103862500627 1.91465505021864 1.92530175237059 1.50334855640855 1.12718310120532 0.924143039833029 0.562659147782556 0.445227524842040 0.434295961758543 0.369209669481734 0.288374951246233 0.298514674306115 0.255136926318093 0.349785526317778 0.389263045335289 0.335584040364995
0.561603288228894 0.87060968026731 0.735655374129959 0.881671570869523 0.867359216527389 0.74551146519473 1.03638062477728 0.999247376538186 1.09134394640920 0.958537760316862 0.781595526458098 0.851370461348545 1.02848464234810 0.991005674848564 1.18477264844693 1.48381975315828 1.51580145237411 1.84734794694852 1.65781863312143 1.62973177302877 1.33654793686282 1.21240944707680 1.33874182366164 1.30737093594303 1.07250182628037 1.50899917443795 1.44531897814476 2.03539480510819 2.03050726608061 2.03773334645224 1.50611294223273 1.57299298822980 2.17926870141677 1.39601971964882 1.94621999065325 2.24915497279529 1.71308260403499 1.58845808631448 1.38739435866926 1.17579174694446 0.644317847454512 0.50296688983602 0.559480100477404 0.3901413722731 0.395842139383356 0.484441808034328 0.418228397195657 0.411896787196032 0.429915167105213
0.614256907903498 0.808766591995706 0.783053900512064 0.802882774962704 0.963086316187262 0.831300009076573 0.847426556094893 1.43824243560958 0.939493786250757 1.10458044051246 1.05999683558929 0.976794359660974 1.19969513338396 1.27238346300381 1.40135991828728 1.40219709281177 1.60242877776352 1.66129906574899 1.90477974406391 1.76434903830999 1.55232795627506 1.30368201915039 1.51535227912407 1.44438175812676 1.22893666112580 1.50158101746189 1.55295380740388 1.75913794254927 2.44884447248811 2.82712797180016 3.15656446522584 3.16503290313296 3.65232665036052 2.94463235013263 2.25338212488058 2.6431236346601 1.98499728780840 2.03005710000506 1.48373390755653 0.891890592985708 0.947180162202616 0.827896611041412 0.642396479614938 0.575875099681675 0.59851196841015 0.532189571074722 0.467156594790028 0.666374232699828 0.632488159205773
0.692806556442745 0.712438714178596 0.91120148907213 0.90454406762176 0.923967507723541 1.05852679120363 1.14120576560365 0.69489660663349 1.03244141536553 0.79343776452329 1.38196892795947 1.53291311809639 1.77333620723438 1.49341885623306 1.75181936664137 1.57340108587183 1.51573235739653 1.77506405037982 1.48212099116952 1.46094521316836 1.62552338143318 1.27656767334876 1.38696701456621 1.54857969997828 1.33156001198482 1.70307864612431 1.97288008218406 2.21421054582388 3.06413750981459 4.244256833778 4.45821507982810 4.74527485184151 4.69913533407926 4.18043592987806 4.31134430126449 3.77107228188786 2.48411630878048 1.84823187239667 1.46278751331056 1.11206221939523 0.849653224289839 0.920456005957582 0.637771626322779 0.57207102427275 0.520368068262108 0.711673877898736 1.03252033953729 1.55691456591084 1.39492870066100
0.608911754179001 0.778612217045235 0.838262105837346 1.03776715249948 1.06871014964800 1.04458964612158 1.28131442896926 0.888023750082573 0.985906399945254 1.39680385725572 1.27427557450407 1.47892117244006 1.66549122330750 1.95876942881609 1.93467636057647 1.96123024394547 1.83797048288584 2.18233276074131 1.81955076202228 1.74132121944443 1.56086500909729 1.54964259504180 1.58284910214551 1.66503008593384 2.03369553098661 2.30637030850309 2.74147265011546 2.91832369265946 4.57625494214772 6.76886849922337 6.43432002296991 6.82636458463985 5.67757930784017 5.36965713634637 5.20576774693142 4.16436376737923 3.43393648986715 2.63176118258983 1.56775248442101 1.28277283503755 0.989643720555576 0.790521280324116 0.808838726798118 0.624052959220934 0.849310956673877 1.10971948997877 2.66478309541978 2.45048312578773 1.83041832062362
0.682032073243704 0.697773341147198 0.888252159221911 0.904088283038957 0.924314571484185 1.17509023249480 0.968399115324846 1.12149359579051 0.884671400895447 1.40305517578627 1.97274282003691 1.95668192583350 2.11592582437374 2.20753626249001 2.57818171062738 2.25829979931119 2.07964442426813 2.60014412255075 1.82983258751179 2.27826644771749 2.02249362424140 2.48219360343679 2.98226749246011 3.53816861126623 3.35543837378131 3.34244832705837 2.94376931214499 4.15914011990941 7.19255482203083 7.74324496696907 8.00250426760306 6.5523671364302 6.20686691965321 6.4880444077381 5.76175544193529 4.26428711892805 2.94339269893045 1.92193236820904 1.41250403561808 1.46411749561979 1.10372495573796 1.27629827782538 1.25981193647818 0.903537481956526 1.42135418719536 2.60487911155674 3.34627295569744 2.47503846374863 1.87092707602616
0.610143724343797 0.766210124645514 0.801353421187614 0.887631379784799 1.29835154734911 1.03079857720934 1.04890885205813 1.20887470501291 0.815235250690373 1.36348638748415 1.81741164391784 2.28882163320260 1.21869044109765 1.20414649592911 2.24799305366789 2.67759451199509 2.49622998072422 2.52386466356399 3.40725311316059 3.04359729260713 2.28529390105321 2.58462532547955 3.02590475611057 4.06836801405835 2.82000283409625 2.87771712020163 3.16822628621919 5.56699482408401 7.28678871022833 8.54810390676482 9.85186886245551 7.48105540815559 8.00858002725627 7.4666166220005 6.70628753656682 4.84717051390123 3.08238485298535 2.10548241179877 2.00941035981795 1.62303363742312 1.53087437225907 2.24001229089598 1.67605042143866 2.36817885433321 2.99292094290449 2.79228048137401 4.05596403805205 3.17160600341228 2.44443633471413
0.665180582287997 0.715219121827469 0.730432579178612 0.66139963289058 0.93939677127201 0.853046644415447 0.798671919580084 0.443365837592167 0.536214757863461 0.532473386589394 1.11549899368976 1.11435442655609 1.21826714965681 1.58306126396987 2.1356235943962 2.39651270987848 2.61705948708938 3.0030462435477 3.11895652642233 3.47903001935337 2.84787089582648 2.69496846022929 3.11000893726879 3.75795667140468 4.33426911316094 4.69754297534038 6.36850986399406 8.0761740150568 14.0394783997646 15.5713680095828 5.91967725073538 7.50122109845486 9.24810914066006 6.91135792667141 6.3969925228277 4.49264830566274 3.31707333823315 3.52720980059899 2.51789690685315 2.12305174297245 3.51655673186665 4.47798012103493 4.81201928827449 7.73697928019692 7.62108822728286 6.55108032869967 2.87366387907037 2.28473596216321 1.75366736635301
0.569286441414035 0.618761358378281 0.755653637810508 0.828237425712518 0.815653530226446 1.14652463542221 0.68872666195509 0.880705711642865 0.664808553275095 1.03507255345813 1.95452016444717 2.43556495784006 2.29938156333920 1.428925971373 2.5240622807671 2.45026107911687 3.24159579281488 2.76564345636890 3.71739669146207 3.39359484324059 2.11323620641534 1.85346799425212 1.83586489903695 3.10857438045376 8.09512186255172 6.76139695216229 7.5517245001626 10.5364074285868 18.6007930580537 18.3387847044858 7.91410913465482 5.43319608357371 5.44903018032668 9.17632880057691 5.52907758558633 4.51918639427360 4.66372701534330 4.56053702727415 2.59608753864991 4.67675546230762 6.45565140080601 6.5180198268051 11.0531559725448 14.5141632486114 20.1977016726369 12.9914054608865 3.9103161902346 2.54474170650245 2.17323374142672
0.566921657935354 0.479058145252581 0.957692815934131 0.860028383148538 0.687058381281681 1.27570408818693 1.86478250114407 1.16710157564141 0.917881263684502 0.727993410199545 0.984534971061619 1.66589416992238 2.11808734017251 2.29232067277886 2.66564047353001 2.85315203158998 2.58997270579091 3.81312209169436 3.76238264670047 2.09540866763532 2.76821500389164 2.50795945550881 4.37287606392579 4.63784044946102 8.18729466353379 3.75667305190143 7.60517286775182 13.9332518897439 18.2609007080323 12.7741209718844 7.05564869289672 7.65019279498195 7.51997513328355 6.8512401088349 6.01825266640292 7.05728789016485 9.04625170790523 7.05118696126153 6.08449264562121 9.45296995527934 20.364462263876 19.4885599823970 22.7659321408808 32.3758720230724 21.7229714330579 9.64056149791155 3.8299247246933 3.19471202551229 1.12379234646878
0.508741717528461 0.487501387878087 0.796090634093715 1.05475620054678 1.17920206671436 1.50972437546435 1.61648902243917 0.88144577732012 0.708827175335572 1.02642340461373 1.37724132472122 1.09119702598807 1.59840540875148 2.87110318803785 2.72633254341174 2.35871889596041 2.75168668321807 2.77232893722785 2.39215173498879 2.15373799971954 3.32809686415002 4.10080526699624 6.222211650204 2.84709359904178 6.11331819647828 5.86099307544545 3.74467789715367 19.5152621403739 14.7813155369438 6.4881234456439 7.60611188670721 11.3582325543057 8.0441821265326 12.6380646505816 9.77803406087257 14.6851925761674 8.14244406189245 6.21409751667692 9.57513181700416 14.0386143890052 18.3206609607953 19.8232800722943 38.9327073829331 35.1686439175824 29.0774831878735 14.02210546548 4.38388971206282 1.49650505205330 0.347690673855359
0.42594610644719 0.615530421819471 0.828650248473053 0.934681802814789 1.24231089902662 1.27569033152183 1.55894384600982 1.20574115389020 0.809992279312627 1.10882519178258 1.11918148349882 1.96893120187011 1.78342530992144 2.65625045459302 2.61804934456365 2.1982285508249 1.28165869330169 1.50408557891389 2.22437666159030 2.92907664710097 7.19638729667063 10.4534224517772 3.82148784941464 3.72968946938483 8.33773444254731 11.9229373006500 10.5457943997798 6.93815751068408 7.72364966796316 8.27119741664774 8.76790652800877 8.8980674702831 11.1744222137027 22.4518180003111 21.7093909028154 17.3708608196664 10.3892020841383 11.9018397520186 19.6187946210724 28.5313025410457 29.5949907216145 32.0415219838759 53.1320313517962 49.5759129006935 10.3557061545871 7.33927694084945 1.35537400731878 0.589783580746917 0.0506997001602225
0.387568839934437 0.541876326586910 0.740659925899853 0.719945635151442 1.06211662456992 0.995969050067412 0.96449606896998 1.27287560626912 0.985094278589641 0.455550795981152 1.07931343096584 0.85281575326553 0.991294745396833 2.24343715803909 1.70520541165383 1.28997113572010 1.62583305571557 2.9532698602147 4.12755921605591 6.50364704689018 8.41110372338502 10.4465880640459 1.49494334221896 2.00880770921620 3.2860612132422 7.47851752835931 8.55613876589704 15.0155467341652 11.4422797701200 7.06976725490927 9.85549188329319 11.5840063303627 9.57019297431006 16.3097155018131 16.4184466062763 18.7176451265435 18.9555479129465 24.4185496591478 23.9868815747548 31.7126446387976 42.2005926416539 62.0639467123635 51.6560142773216 54.4200915273331 35.2704360088149 8.65071489839449 1.37012813966455 0.642411256204473 0.155056252315187
0.253425023451166 0.402813535478341 0.539489154198987 0.735703139411177 0.84418341350616 0.916423267572228 0.773763652286896 1.08210330990495 1.47852693901468 0.691695377891305 0.859724856557512 0.845190602320366 1.09031569935297 2.02833351262369 1.94522247899635 1.74168548919343 1.49231096431941 3.85318193423268 5.42649827476897 8.77614788291697 10.1518521061581 2.06440626918029 2.42004505998647 1.84471106505973 8.99183643439246 10.5567615859130 11.909802526688 15.0189273205531 9.95783802997453 8.55856854163287 11.3923445077433 30.3202129118473 24.5507161142756 21.0249661621734 27.8585803244894 31.2698842974442 26.9461215548288 34.6306856750101 47.2249722898453 58.3874597510224 77.3303382852914 63.829635209491 47.3495866870526 23.3203762751292 9.77862331524505 3.74280756265022 2.74560914394838 0.427237028432666 0.053710120679412
0.184325926745081 0.305815421238957 0.412875278993497 0.587557961249513 0.860311804064635 0.858912494029081 0.520770565723836 0.931826837053885 1.08170394894389 0.993284164738751 0.946758893934045 1.02820443484019 1.38324408474984 2.15491303917992 3.47780493184108 3.8374311660644 1.99998823003701 2.59481726430715 2.43072574200616 3.75346144380385 2.27753983602032 1.88595357442201 3.70964964115379 6.06496465057076 14.7688500354236 14.0497011054856 17.1005424012543 11.6766024894405 18.8784851814650 23.7049580796205 13.3122754996756 38.5319472191362 44.528983445605 39.9659542825578 50.3052249411901 32.8602218528273 16.2103190257326 38.3344349517359 45.8537081622905 57.9087636305814 83.2490994857742 70.6274477288254 42.8726648004551 26.4238415023009 6.50285632801463 2.78923936780792 0.521658949726585 -9999 -9999
0.130988637291876 0.20759442528458 0.385164963408888 0.647618097425614 0.67744184161173 0.498821624631928 0.652687257454934 0.596662580996276 0.897362668074551 0.869911346262175 1.13668613722112 1.09108453295887 2.01480994757244 4.16174243769551 4.09409657722583 2.23341871305521 1.10855124922942 2.15407918320860 2.52657164170592 4.07757736045332 4.35910962754971 4.05145866281482 7.89825148763198 6.10128644452817 7.07690047671433 6.86304020110476 20.6841440894989 40.6804891226999 60.6279933589907 68.4869773112151 50.3290209317726 48.675009542644 57.0229188851932 65.4732117767737 55.5727798879485 37.3091439611913 61.7611204319977 61.0635825055998 66.4894523428852 65.3362458473152 72.3725506859519 65.089455785676 41.6235485133543 23.0163390573992 9.88819373111985 1.29399943300262 0.0845238766544559 -9999 -9999
-9999 -9999 -9999 0.466070095851615 0.631162520816879 0.313338606594149 0.517431215657159 0.668496985176672 0.616316119368189 0.541227510353781 0.888825378062181 1.60214348098055 3.79031997520199 4.89084509448431 3.20127776657828 1.1853067496507 1.16447847528771 1.42139566147646 1.96838609668027 3.08049485139466 5.65479811743229 6.40909268179428 11.8410716365653 11.3839232749766 17.9456909626718 56.4415526638942 84.8444797536136 91.5219264338829 90.8535548917868 91.3993127696827 87.7090999428342 82.1446981246129 75.898820144562 83.364441927124 85.3047144077484 80.5973623583983 77.2442320749383 76.6095731951194 57.4168224969399 61.2575724099113 36.7779077893114 27.3012214860096 21.1232674461665 8.99212707617649 2.53897706659355 0.260927190080043 -9999 -9999 -9999
-9999 -9999 -9999 -9999 -9999 -9999 -9999 -9999 -9999 0.340162178329619 1.10382273106162 1.22823563090020 1.72228199273128 1.75048774579816 1.14964011732937 0.936679331152056 1.69331725437918 1.10007889648634 2.39560092870934 1.85705772015825 5.27235636077194 13.7774939318069 15.8653171994104 42.4938520696847 82.1924007132553 91.4695131482414 91.7334892852583 92.8236833392863 92.956545186235 87.0858234938554 87.6293063957823 82.6278755701222 73.1320462812587 87.2719315361511 87.2465395997943 84.3850810072582 81.3620123235354 68.2888653524039 69.5578912445029 53.2729966301616 40.1273552889899 20.8861489232203 18.1777057576066 5.6447901073675 0.428719090398763 0.114389622234954 -9999 -9999 -9999
