data/Gormley2011/SambarOcc2.asc
ncols          423
nrows          296
xllcorner      2116000
yllcorner      2252000
cellsize        2000
NODATA_value      -9999
[rows 132 to 153 of 296, columns 0 to 48 of 423]
-9999 -9999 -9999 -9999 -9999 -9999 -9999 -9999 -9999 -9999 -9999 0.124250847040065 0.169425143617266 0.185973222756996 0.160677324526111 0.177843409795629 0.156436505319161 0.154090312552318 0.184350058530650 0.175539038663173 0.174985184078358 0.184062453271614 0.133419640074105 0.197982841967334 0.500403926112871 0.332518588235274 0.385555063852563 0.483800818433139 0.312753791321279 0.438109831247652 0.530718867978678 0.481479603298105 0.453149335371916 0.423024221484358 0.464318416890854 0.387343541112779 0.440290935139161 0.289346981830287 0.449430765561239 0.48401999350295 0.561070508375861 0.460625889697552 0.516923095781337 0.520331853734096 0.538210276742654 0.515677526951087 0.58396744882622 0.455128671438683 0.580144237447755
-9999 -9999 -9999 -9999 -9999 -9999 -9999 -9999 -9999 -9999 -9999 0.187042749210903 0.210455906127205 0.218659674302986 0.244230859450807 0.183222883230495 0.206819712331453 0.139008021982906 0.203642621155855 0.143468457682153 0.305318830583784 0.23382835890026 0.241310252091107 0.426165079163397 0.448641281303269 0.377754611916502 0.442351373297916 0.497664323254164 0.549630498325078 0.445806890198729 0.479246954865071 0.462615340164112 0.364955114961225 0.442068610915084 0.362511407923796 0.386683145823337 0.441929962345512 0.332841308540473 0.44770822680093 0.469816975740914 0.488686327349761 0.556798885524079 0.547426255987641 0.528115727404955 0.604312833595636 0.628701004499514 0.592623254441733 0.528968005118233 0.593202459609173
-9999 -9999 -9999 -9999 -9999 -9999 -9999 -9999 -9999 -9999 -9999 0.189823111326885 0.193528513708970 0.228912774377057 0.251398507982649 0.283126811330929 0.273488350113497 0.211317190734144 0.233224438357846 0.213851920219773 0.284660636942051 0.345116626713418 0.317116973431812 0.358550735057751 0.369787344009271 0.377203377663389 0.378011519931783 0.415112445203955 0.433787501628944 0.512649615770566 0.487305862375153 0.535191405270876 0.409562450422484 0.537840904175439 0.4000478850091 0.448107676822783 0.456038171726541 0.449532797232195 0.298089184808651 0.457880811995823 0.486664204004501 0.562119558035468 0.561708614035037 0.533420631010175 0.524514976598493 0.46016706392345 0.538008405385969 0.584307634018571 0.513662853822089
-9999 -9999 -9999 -9999 -9999 -9999 -9999 -9999 -9999 -9999 -9999 0.291891946627015 0.286839471868950 0.287400668503982 0.295549987723724 0.333116178854969 0.318031023693077 0.311011224984223 0.309497577896585 0.262440794440499 0.236011185509597 0.278331162461728 0.243389793249563 0.292010034592535 0.422030297573711 0.526438585185155 0.426960339595549 0.419699229126092 0.487912649700987 0.565710139307394 0.542520612415218 0.510622044976524 0.438317407674433 0.482087673644646 0.406176677043256 0.367778260823878 0.45904728744125 0.444790517182029 0.439288685764218 0.353242050659871 0.488905657972719 0.498278561442523 0.487793039116424 0.431486493633085 0.533530966227246 0.53750636141583 0.622071661394647 0.529146471966365 0.524209419265809
-9999 -9999 -9999 -9999 -9999 -9999 -9999 -9999 -9999 -9999 -9999 0.307543194429515 0.293961416394611 0.300106068068236 0.343754539903912 0.352119574729099 0.322522939799448 0.315404306156713 0.316213222596526 0.241216488949221 0.213026363257529 0.324772105319882 0.284277835714526 0.299401599029136 0.476042476417712 0.503945012061524 0.446657415509067 0.424281461814918 0.574583597699777 0.629930259561052 0.533420623729936 0.378438353376762 0.480530007285982 0.482819837556296 0.428598355491252 0.415137695026799 0.453038077379645 0.456434063515942 0.348285324795531 0.342017589353114 0.409062741373229 0.493949383618334 0.655043095897238 0.486947983671045 0.611260344048327 0.76536401911444 0.681218556552088 0.621925392422858 0.601395632440394
-9999 -9999 -9999 -9999 -9999 -9999 -9999 -9999 -9999 -9999 -9999 0.224409390163783 0.157543474819957 0.225734036693919 0.268771569774821 0.352973243308134 0.280347814502727 0.284754953353696 0.317759608923021 0.286412726245211 0.239449139537805 0.232025811268506 0.301859435293781 0.393918841035607 0.378251338984296 0.446046684716993 0.451959063974948 0.445234782700606 0.381683794609731 0.641083154364634 0.634170642281463 0.438212729060322 0.51286442039009 0.545058638594523 0.487721386730484 0.498795529381844 0.424797923497848 0.494009302486857 0.459819926887237 0.451769553027733 0.342879874132514 0.449041874112963 0.634983718088325 0.730298537652005 0.636288288568615 0.620395974095849 0.757781428734971 0.768446854322022 0.548552902536985
-9999 -9999 -9999 -9999 -9999 -9999 -9999 -9999 -9999 -9999 -9999 0.226943322084356 0.312108836320879 0.320254290134626 0.306188276957446 0.368337809379316 0.371735003643032 0.348969960982932 0.341610508757205 0.333400666587552 0.404474456538465 0.395674209609245 0.328525937833091 0.471301192453695 0.441290683603706 0.455905207894138 0.445286651822582 0.515671511044806 0.498934169431208 0.453936026885949 0.644250973604969 0.465165140715097 0.466771663153158 0.520249211750762 0.567383152704498 0.494876580056253 0.465667651552938 0.470456842748067 0.500800679572163 0.406292354946892 0.413834519593335 0.487915660461039 0.653831840054854 0.648516114300125 0.653499508154828 0.591013036598938 0.753907280318326 0.771242579231132 0.645652391848711
-9999 -9999 -9999 -9999 -9999 -9999 -9999 -9999 -9999 -9999 -9999 0.207216151560710 0.243696149903759 0.30688666413564 0.312593785149269 0.270327919786640 0.317828022005635 0.344854041997801 0.329994323110440 0.257295980476058 0.334392772599015 0.402387691663442 0.403510276435864 0.398563058743511 0.457668238171318 0.459165645222458 0.537466282290358 0.463717890533675 0.468642713330658 0.407198121688203 0.61066738098574 0.445020688193353 0.578737699637607 0.53245361091913 0.52063269118565 0.543512919927764 0.555587814632115 0.472637664507029 0.575024190006748 0.497981868824743 0.459191281532766 0.462345674998491 0.57332177828254 0.75180015580002 0.739624328028343 0.613219853422592 0.606533539097151 0.587212274261195 0.587359043120548
-9999 -9999 -9999 -9999 -9999 -9999 -9999 -9999 -9999 -9999 -9999 0.279065489223207 0.265835726957034 0.321536538324131 0.316967964147691 0.314928166467325 0.264458198357490 0.287546705318968 0.358328392330414 0.33772930563738 0.325121007529653 0.366993209925193 0.311085256550389 0.387834622044715 0.392944341997415 0.463649207237049 0.485090842782523 0.481264649076388 0.39942981302428 0.468114969319148 0.446917971511807 0.642985733622768 0.611917404130142 0.505429886815381 0.477676597093694 0.438142423647393 0.435402055425497 0.503364127182232 0.522327215012875 0.610715274293555 0.544122591407406 0.656819418035062 0.670533552624591 0.622879122180643 0.693199987194261 0.758981157870878 0.57891674251756 0.675333791503926 0.477408366909395
-9999 -9999 -9999 -9999 -9999 -9999 -9999 -9999 -9999 -9999 -9999 0.242965893993789 0.270211201757417 0.321724341387880 0.315887302490461 0.31148751496719 0.302945021900268 0.366833145987289 0.307194391834415 0.348906180220954 0.340250752793063 0.407830364829347 0.379255536001255 0.403981390012139 0.341924949837625 0.433691704636056 0.536136772455745 0.469730502307313 0.442959285448727 0.421901044277914 0.549415203306855 0.546437465436486 0.806346054995873 0.760079124994621 0.558329016567009 0.444323248649278 0.507411536559908 0.614730356110407 0.55211172535921 0.668927424691625 0.605840641806898 0.665459611742466 0.665622687822709 0.677353468640682 0.808827881895108 0.724153032366623 0.807845661995948 0.642034033031813 0.696248609230996
-9999 -9999 -9999 -9999 -9999 -9999 -9999 -9999 -9999 -9999 -9999 0.284905399642077 0.27607675030591 0.327578906515067 0.325428765979901 0.31797460272837 0.313545834010902 0.374788211434642 0.316204026867957 0.358433998224753 0.356082056624438 0.345644965426338 0.423167202508085 0.412619429786097 0.497360285320041 0.386066240008693 0.432216595902018 0.521325213118786 0.579185254008477 0.47106738198872 0.430150385172961 0.591941824027287 0.541251974484006 0.681042671856311 0.766104521810833 0.404190007129322 0.457726341971409 0.519185964857356 0.564061955648614 0.625404523916293 0.647532406765036 0.604809985134382 0.607846404043309 0.592514826372581 0.724181126408134 0.882235183983502 0.824456502058895 0.496791351515251 0.609403363624771
-9999 -9999 -9999 -9999 -9999 -9999 -9999 -9999 -9999 -9999 -9999 0.253194508622143 0.287774331963326 0.337472322589443 0.335257462735146 0.325151058405129 0.288200466747539 0.375007000720459 0.395941710466416 0.369255835973834 0.360801418279179 0.431233919314457 0.428771856528697 0.413724846806318 0.44354137143009 0.400941821497755 0.427974095515745 0.559905987755241 0.496187628652562 0.506552129243246 0.566521276364466 0.598301124386088 0.539130507098965 0.752039090090119 0.571908446112581 0.531368769157219 0.468157246988921 0.512732039640294 0.520477640582678 0.704754163972903 0.694185013067837 0.611209542561371 0.597050471291985 0.58213244227606 0.758821872295927 0.760763111442788 1.01814748936724 0.742997557789097 0.718531173972685
-9999 -9999 -9999 -9999 -9999 -9999 -9999 -9999 -9999 -9999 -9999 0.297914765362053 0.292089489847119 0.289923906136944 0.345381980113243 0.340282197333974 0.330024822934175 0.386657025211681 0.390207592387575 0.375115382552498 0.371694466532208 0.350430985839913 0.422332124811025 0.423622382753119 0.419326069519627 0.446849257003 0.444356094537627 0.438662835375427 0.477163962349507 0.450649515850972 0.544343324305041 0.533623215930550 0.636724970482799 0.490500997560057 0.678288980937023 0.551299008267975 0.533796240169904 0.36411660006836 0.427024511747489 0.371191655360642 0.485549827903218 0.620293894643438 0.246075114727117 0.31515961363736 0.763373433024594 0.665742381142953 1.00663401351539 0.949506996694874 0.634355759707329
-9999 -9999 -9999 -9999 -9999 -9999 -9999 -9999 -9999 -9999 -9999 0.233740056254311 0.264985999761797 0.200853947474055 0.205492454286139 0.197642077455716 0.172630769492393 0.180238346197885 0.176254624092031 0.174946345996655 0.197044895981459 0.24888149539318 0.336700484651481 0.330401260623378 0.287403791415857 0.390656446322052 0.386212398216418 0.248594904690272 0.352434020204421 0.405091243661173 0.267390372929380 0.33401063850851 0.410708037958671 0.265041070435770 0.683374920793495 1.01823186985342 0.833376678325507 0.576620071260565 0.560102856405046 0.441709340993447 0.551507501950791 0.618087272177496 0.694588955960643 0.710395688244067 0.61316248948693 0.665243364077303 1.19426533303144 1.28907237601044 0.75107242365177
-9999 -9999 -9999 -9999 -9999 -9999 -9999 -9999 -9999 -9999 -9999 0.212587004071004 0.26514086064518 0.171572522706818 0.160548505805268 0.138112024168843 0.0801714984567248 0.116480096185173 0.139404178194709 0.268640341665320 0.200981523206161 0.195081670315753 0.395773553628028 0.338924845330903 0.200595101160941 0.195611652057725 0.457033427443206 0.267802939152510 0.335398117269729 0.290975864811665 0.320561055349496 0.433340924837636 0.360730641510150 0.351818846523828 0.578722568459185 0.890188634585063 1.08896710437891 0.811035582846341 0.764277618506622 0.730947537114767 0.553590215651767 0.643392934518469 0.732295938371467 0.711689818182818 0.844887784678527 0.86951665793998 0.91480994867128 0.925502835729134 0.901987278370322
-9999 -9999 -9999 -9999 -9999 -9999 -9999 -9999 -9999 -9999 -9999 0.311166450430798 0.309123702773976 0.302041886141859 0.367798829516752 0.358370435254251 0.354594869796059 0.206023188233453 0.275746727504821 0.240875248743351 0.140567216537565 0.178900551282937 0.315509840626653 0.40608814576938 0.344004355799582 0.198377940314999 0.273854319368363 0.260102506758670 0.387762918339077 0.384792131850397 0.553467606355573 0.394532172000839 0.600933023828098 0.635199562493959 0.608885875473262 0.694665556427522 1.02027847502787 0.869597106553343 0.784188549188748 0.766958568922837 0.570270486990532 0.656983451523587 0.724221488902145 0.719177015713432 0.895267064101556 0.868041352850612 0.879612111118347 0.854564416523136 0.842009758977873
-9999 -9999 -9999 -9999 -9999 -9999 -9999 -9999 -9999 -9999 -9999 -9999 0.315831260632162 0.313757985781039 0.309123702773976 0.369505542592807 0.364050861440088 0.314340857348213 0.288585456689876 0.238204731975526 0.121199511179428 0.325507557198907 0.186784809997374 0.306175659215923 0.444762391766017 0.381229005052632 0.277644841235707 0.233510876585586 0.518614355803162 0.501700635867284 0.621074434671277 0.45077383331522 0.579105211675415 0.72612597105405 0.678182438313999 0.672061312209538 0.919166990924488 1.07070126406733 0.770951203549606 0.79588799233106 0.603017025590479 0.666230783689949 0.776469706509324 0.761341675103666 0.893352541957162 0.91599976951061 0.892978235848898 0.860180438892956 0.860911161700435
-9999 -9999 -9999 -9999 -9999 -9999 -9999 -9999 -9999 -9999 -9999 -9999 0.328360686458885 0.320611665366365 0.319356931904620 0.377518341474756 0.372263341243606 0.366455243864436 0.316688243968343 0.368926328215682 0.187188015475704 0.313652511599701 0.166644702709979 0.359912581234499 0.404589646095109 0.448079342597048 0.452543093307278 0.534574098790189 0.532062636032533 0.516385352018904 0.509207223581565 0.49124090999002 0.590484480786304 0.728218296948308 0.717091362187733 0.71260042215777 0.720887920925622 1.00746269356827 0.896603515154588 0.7990670397286 0.786698521998935 0.782664907465685 0.801810063969555 0.779021124370445 0.906665738387888 0.928335024646816 0.89034332864704 0.901148305660209 0.918294705032879
-9999 -9999 -9999 -9999 -9999 -9999 -9999 -9999 -9999 -9999 -9999 -9999 0.330248087799593 0.325139911938900 0.323235341222113 0.320839581782074 0.380335715223388 0.374721759192899 0.327171067792663 0.430418281673617 0.220844509965134 0.280284872173528 0.125326676327298 0.322543800658201 0.362599043545645 0.461595213854084 0.458569473088029 0.567906478071305 0.54042738818704 0.53082014060908 0.520233661620788 0.642596558268402 0.61880462802388 0.729145037066014 0.732789342574585 0.856041798110303 0.689337972362363 0.940390294353027 1.03671457296492 0.865859307758676 0.78827016717473 0.770296243536907 0.782000074524065 0.747280319966598 0.742921409792551 0.916704486133128 0.92162249566038 1.10753767252567 1.18849082805056
-9999 -9999 -9999 -9999 -9999 -9999 -9999 -9999 -9999 -9999 -9999 -9999 0.348790612631581 0.340270533929673 0.332998012827585 0.328080485138619 0.380882579504204 0.375260581874807 0.36972125947126 0.368013553698625 0.378439996517721 0.251162788076227 0.216833750588962 0.225285571837077 0.253509941937404 0.423161851803212 0.468218513167455 0.465500266726647 0.552807071437953 0.530000809774771 0.524044227524257 0.631788909167357 0.65417927973022 0.76938826653277 0.76097798522746 0.740793518126 0.724932033437164 0.93299343454794 0.871924336098543 0.882973919652751 0.817968479011546 0.787600610654324 0.782454713952571 0.774376939423472 0.935219962432528 0.936013829425108 0.937647333267884 0.913150889184448 1.16836732998868
-9999 -9999 -9999 -9999 -9999 -9999 -9999 -9999 -9999 -9999 -9999 -9999 0.291897650135923 0.348195717792567 0.330440962237354 0.328272097803221 0.395307356546706 0.389473275163452 0.377738718479649 0.372162952286648 0.394457630873582 0.381264222143038 0.295777736775930 0.266842078186868 0.297776733708319 0.501302081206095 0.488353936941693 0.583494449506149 0.580396903873534 0.585267601507308 0.671870999303538 0.649796008279393 0.66222095108072 0.793640775116666 0.744054200491734 0.73248802583942 0.728046969509512 0.723250530594631 0.918952597658475 0.873427444063712 0.840911193172918 0.628909907581644 0.70092697626616 0.794803558315735 0.972331246752012 0.96403317194412 0.962448300419839 0.94238675536016 1.11546699535516
-9999 -9999 -9999 -9999 -9999 -9999 -9999 -9999 -9999 -9999 -9999 -9999 0.297650260112591 0.345817416580925 0.344434041016705 0.335393751553664 0.330440962237354 0.401228477040561 0.392044899853509 0.395421582154934 0.465476698237709 0.451462590308388 0.445182896523799 0.339733610510129 0.175669354987158 0.449335029730581 0.486929938230639 0.479750172316542 0.569030830215283 0.624365635713491 0.702511691062872 0.691261479064984 0.65997098679835 0.677114021197686 0.75948135658699 0.442395916046191 0.394436080813318 0.75060961136328 0.897514826519359 0.882292481796892 0.939634611377894 0.588867310504454 0.638307626194551 0.369184924865918 0.633234286001743 0.87047785759515 0.628237804353758 0.763925042056533 0.868789322926525
